Cuadrilatero
FinCuadrilatero
Linea
297 297 515 515 1 0 161 185 161
281 281 390 377 1 0 51 255 51
326 326 331 317 1 0 51 255 51
FinLinea
Poligono
249 197 233 234 5 1 0 51 255 51
321 266 373 373 6 1 0 51 255 51
212 164 463 460 7 1 0 51 255 51
637 559 440 438 8 1 0 51 255 51
FinPoligono
Circulo
496 212 63 1  51 255 90
559 212 89 1  51 255 90
358 357 0 1  51 255 90
392 391 30 1  51 255 90
FinCirculo
Triangulo
485 421 440 427 426 483 1 0 51 255 90
527 453 476 300 300 360 1 0 51 255 90
431 288 387 155 176 252 1 0 51 255 90
FinTriangulo
