C 281 188 310 408 1 0 232 99 113
C 520 436 274 331 1 0 232 99 113
C 443 571 427 377 1 0 232 99 113
C 281 188 310 408 1 0 232 99 113
C 520 436 274 331 1 0 232 99 113
C 443 571 427 377 1 0 232 99 113
C 443 571 427 377 1 0 232 99 113
C 273 246 467 492 1 0 255 255 255
C 333 273 443 498 1 0 51 255 90
C 300 196 430 489 1 0 51 255 90
L 425 294 341 368 1 0 51 255 90
L 233 287 199 315 1 1 51 255 90
P 257 233 374 389 6 1 1 152 102 41
CR 125 504 37 1 255 255 255
CR 158 297 54 1 51 255 90
T 619 369 469 223 249 407 1 1 51 255 90
T 440 256 272 130 130 147 1 1 152 102 41
